ATENDIDOS
Greedy
[125.51515151515152, 171.30303030303031, 198.18181818181819, 209.63636363636363, 229.87878787878788]
[8.6603081406949887, 15.996013227425873, 15.057419661664566, 18.825873246873513, 21.798891548607916]
Nancy
[144.81818181818181, 256.42424242424244, 372.54545454545456, 483.5151515151515, 601.69696969696975]
[5.0023167037836007, 8.658823219447136, 11.482763566160024, 10.163180499131222, 12.353804732777556]
GWO
[165.21212121212122, 274.21212121212119, 391.30303030303031, 504.39393939393938, 620.66666666666663]
[5.6977290000476373, 6.8477484729443603, 9.9146877865428156, 10.475941100532674, 10.699409817070253]
Ramdom
[109.15151515151516, 217.18181818181819, 334.63636363636363, 446.72727272727275, 563.30303030303025]
[7.8732368654427374, 7.9150453203951834, 11.255426795105329, 9.6073031146127335, 10.388426067749945]
WOA
[162.33333333333334, 270.36363636363637, 383.60606060606062, 494.45454545454544, 609.06060606060601]
[5.1749915998585125, 7.8136710042428739, 10.160649721627996, 11.208488432780879, 12.608280028413933]


BLOQUEIOS
Greedy
[496.0, 1188.5151515151515, 2049.6363636363635, 2896.6969696969695, 3699.5454545454545]
[39.548899344476183, 58.089431787941521, 52.033811519379526, 71.407287655630782, 81.739786961378272]
Nancy
[383.87878787878788, 833.18181818181813, 1373.060606060606, 1905.909090909091, 2347.969696969697]
[62.046936758715233, 79.146879005906754, 124.31811472799595, 129.05700906674238, 164.40200122023313]
GWO
[310.030303030303, 819.69696969696975, 1432.8484848484848, 2012.3636363636363, 2531.757575757576]
[25.09131527625852, 48.553934887792821, 62.490714252747757, 55.854208913893629, 81.241524691883626]
Best
[382.4848484848485, 1038.878787878788, 1873.2121212121212, 2715.181818181818, 3486.3333333333335]
[48.918567455197902, 66.933608764278176, 78.535645829883947, 115.83620692216846, 82.044773262117019]
Worst
[546.4545454545455, 1261.090909090909, 2144.4848484848485, 3002.181818181818, 3800.4545454545455]
[39.012691508842614, 47.724987950401761, 67.454321027539891, 79.061049778053786, 73.547419513117489]
WOA
[289.15151515151513, 767.21212121212125, 1344.3636363636363, 1873.8181818181818, 2363.4242424242425]
[23.451616084081827, 49.492443597143293, 49.458309738154639, 54.283903282015359, 71.47172596108247]

NEGADOS
Greedy
[81.484848484848484, 240.69696969696969, 442.81818181818181, 651.36363636363637, 842.12121212121212]
[8.6603081406949887, 15.996013227425873, 15.057419661664566, 18.825873246873513, 21.798891548607916]
Nancy
[62.18181818181818, 155.57575757575756, 268.45454545454544, 377.4848484848485, 470.30303030303031]
[5.0023167037836007, 8.658823219447136, 11.482763566160024, 10.163180499131222, 12.353804732777556]
GWO
[51.787878787878789, 147.78787878787878, 259.69696969696969, 366.60606060606062, 461.33333333333331]
[5.6977290000476373, 6.8477484729443621, 9.9146877865428156, 10.475941100532674, 10.699409817070254]
Best
[81.939393939393938, 239.45454545454547, 441.93939393939394, 648.36363636363637, 837.93939393939399]
[10.421793027650491, 14.391087490327012, 19.360167616022814, 21.81874187027568, 20.028108743288829]
Worst
[81.242424242424249, 238.57575757575756, 444.33333333333331, 650.4848484848485, 838.81818181818187]
[9.3348604100476038, 16.062596163214685, 19.568925231198165, 22.428064064546103, 25.198025655252945]
WOA
[54.666666666666664, 151.63636363636363, 267.39393939393938, 376.54545454545456, 472.93939393939394]
[5.1749915998585125, 7.8136710042428739, 10.160649721627996, 11.208488432780879, 12.608280028413933]
